Point summary: 
              AP   AUC    F1   MCC  fn  fp  precision  recall  tn  tp
fold_0     0.877 0.917 0.909 0.887   1   0          1   0.833  17   5
fold_1     0.738 0.887 0.833 0.775   1   1      0.833   0.833  16   5
fold_2     0.506 0.799 0.667 0.538   1   4      0.556   0.833  13   5
fold_3     0.566 0.823 0.714 0.598   1   3      0.625   0.833  13   5
fold_4     0.758 0.833   0.8  0.77   2   0          1   0.667  16   4
median/sum 0.738 0.833   0.8  0.77   6   8      0.833   0.833  75  24

Ensemble summary: 
              AP   AUC    F1   MCC  fn  fp  precision  recall  tn  tp
fold_0         1     1 0.909 0.887   1   0          1   0.833  17   5
fold_1     0.958  0.98 0.909 0.887   1   0          1   0.833  17   5
fold_2     0.917 0.961 0.833 0.775   1   1      0.833   0.833  16   5
fold_3     0.944 0.969 0.909 0.886   1   0          1   0.833  16   5
fold_4     0.882 0.938   0.8  0.77   2   0          1   0.667  16   4
median/sum 0.944 0.969 0.909 0.886   6   1          1   0.833  82  24