Point summary: 
              AP   AUC    F1   MCC  fn  fp  precision  recall  tn  tp
fold_0      0.75 0.941 0.857 0.813   0   2       0.75       1  15   6
fold_1      0.75 0.941 0.857 0.813   0   2       0.75       1  15   6
fold_2     0.507 0.667   0.5 0.519   4   0          1   0.333  17   2
fold_3     0.535 0.771 0.667 0.542   2   2      0.667   0.667  14   4
fold_4      0.74 0.885 0.833 0.771   1   1      0.833   0.833  15   5
median/sum  0.74 0.885 0.833 0.771   7   7       0.75   0.833  76  23

Ensemble summary: 
              AP   AUC    F1   MCC  fn  fp  precision  recall  tn  tp
fold_0         1     1 0.909 0.887   1   0          1   0.833  17   5
fold_1     0.933 0.961 0.833 0.775   1   1      0.833   0.833  16   5
fold_2     0.684 0.843 0.444 0.358   4   1      0.667   0.333  16   2
fold_3     0.948 0.979   0.8  0.77   2   0          1   0.667  16   4
fold_4     0.976  0.99 0.909 0.886   1   0          1   0.833  16   5
median/sum 0.948 0.979 0.833 0.775   9   2          1   0.833  81  21