Point summary: 
              AP   AUC    F1   MCC  fn  fp  precision  recall  tn  tp
fold_0     0.877 0.917 0.909 0.887   1   0          1   0.833  17   5
fold_1     0.738 0.887 0.833 0.775   1   1      0.833   0.833  16   5
fold_2     0.738 0.887 0.833 0.775   1   1      0.833   0.833  16   5
fold_3      0.75 0.938 0.857  0.81   0   2       0.75       1  14   6
fold_4     0.566 0.823 0.714 0.598   1   3      0.625   0.833  13   5
median/sum 0.738 0.887 0.833 0.775   4   7      0.833   0.833  76  26

Ensemble summary: 
              AP   AUC    F1   MCC  fn  fp  precision  recall  tn  tp
fold_0     0.933 0.961   0.8 0.772   2   0          1   0.667  17   4
fold_1     0.958  0.98 0.909 0.887   1   0          1   0.833  17   5
fold_2     0.976  0.99 0.833 0.775   1   1      0.833   0.833  16   5
fold_3     0.931 0.969   0.8  0.77   2   0          1   0.667  16   4
fold_4     0.924 0.948 0.909 0.886   1   0          1   0.833  16   5
median/sum 0.933 0.969 0.833 0.775   7   1          1   0.833  82  23