Point summary: 
              AP   AUC    F1   MCC  fn  fp  precision  recall  tn  tp
fold_0      0.62 0.804 0.727 0.647   2   1        0.8   0.667  16   4
fold_1     0.877 0.917 0.909 0.887   1   0          1   0.833  17   5
fold_2     0.506 0.799 0.667 0.538   1   4      0.556   0.833  13   5
fold_3     0.424 0.708 0.571 0.386   2   4        0.5   0.667  12   4
fold_4     0.566 0.823 0.714 0.598   1   3      0.625   0.833  13   5
median/sum 0.566 0.804 0.714 0.598   7  12      0.625   0.833  71  23

Ensemble summary: 
              AP   AUC    F1   MCC  fn  fp  precision  recall  tn  tp
fold_0     0.931 0.971 0.833 0.775   1   1      0.833   0.833  16   5
fold_1     0.944 0.971   0.8 0.772   2   0          1   0.667  17   4
fold_2     0.958  0.98 0.909 0.887   1   0          1   0.833  17   5
fold_3     0.931 0.969 0.667 0.649   3   0          1     0.5  16   3
fold_4     0.958 0.979 0.833 0.771   1   1      0.833   0.833  15   5
median/sum 0.944 0.971 0.833 0.772   8   2          1   0.833  81  22