Point summary: 
              AP   AUC    F1   MCC  fn  fp  precision  recall  tn  tp
fold_0     0.507 0.667   0.5 0.519   4   0          1   0.333  17   2
fold_1     0.738 0.887 0.833 0.775   1   1      0.833   0.833  16   5
fold_2     0.738 0.887 0.833 0.775   1   1      0.833   0.833  16   5
fold_3     0.879 0.917 0.909 0.886   1   0          1   0.833  16   5
fold_4      0.55 0.839 0.545 0.399   3   2        0.6     0.5  14   3
median/sum 0.738 0.887 0.833 0.775  10   4      0.833   0.833  79  20

Ensemble summary: 
              AP   AUC    F1   MCC  fn  fp  precision  recall  tn  tp
fold_0     0.842 0.892 0.667 0.652   3   0          1     0.5  17   3
fold_1         1     1 0.909 0.887   1   0          1   0.833  17   5
fold_2     0.882 0.922 0.727 0.647   2   1        0.8   0.667  16   4
fold_3     0.933 0.958 0.833 0.771   1   1      0.833   0.833  15   5
fold_4     0.841 0.927 0.667 0.542   2   2      0.667   0.667  14   4
median/sum 0.882 0.927 0.727 0.652   9   4      0.833   0.667  79  21