Point summary: 
              AP   AUC    F1   MCC  fn  fp  precision  recall  tn  tp
fold_0     0.857 0.971 0.923 0.898   0   1      0.857       1  16   6
fold_1         1     1     1     1   0   0          1       1  17   6
fold_2     0.505 0.721   0.6 0.511   3   1       0.75     0.5  16   3
fold_3     0.879 0.917 0.909 0.886   1   0          1   0.833  16   5
fold_4     0.758 0.833   0.8  0.77   2   0          1   0.667  16   4
median/sum 0.857 0.917 0.909 0.886   6   2          1   0.833  81  24

Ensemble summary: 
              AP   AUC    F1   MCC  fn  fp  precision  recall  tn  tp
fold_0     0.944 0.971 0.909 0.887   1   0          1   0.833  17   5
fold_1         1     1     1     1   0   0          1       1  17   6
fold_2     0.856 0.922 0.667 0.652   3   0          1     0.5  17   3
fold_3     0.958 0.979 0.909 0.886   1   0          1   0.833  16   5
fold_4     0.917 0.938 0.909 0.886   1   0          1   0.833  16   5
median/sum 0.944 0.971 0.909 0.886   6   0          1   0.833  83  24