Point summary: 
              AP   AUC    F1   MCC  fn  fp  precision  recall  tn  tp
fold_0     0.754 0.833   0.8 0.772   2   0          1   0.667  17   4
fold_1     0.564 0.828 0.714 0.606   1   3      0.625   0.833  14   5
fold_2      0.62 0.804 0.727 0.647   2   1        0.8   0.667  16   4
fold_3     0.436 0.688 0.545 0.399   3   2        0.6     0.5  14   3
fold_4     0.879 0.917 0.909 0.886   1   0          1   0.833  16   5
median/sum  0.62 0.828 0.727 0.647   9   6        0.8   0.667  77  21

Ensemble summary: 
              AP   AUC    F1   MCC  fn  fp  precision  recall  tn  tp
fold_0         1     1     1     1   0   0          1       1  17   6
fold_1     0.877 0.912 0.833 0.775   1   1      0.833   0.833  16   5
fold_2     0.948  0.98   0.8 0.772   2   0          1   0.667  17   4
fold_3     0.897 0.948 0.727 0.642   2   1        0.8   0.667  15   4
fold_4     0.944 0.969 0.909 0.886   1   0          1   0.833  16   5
median/sum 0.944 0.969 0.833 0.775   6   2          1   0.833  81  24