Point summary: 
              AP   AUC    F1   MCC  fn  fp  precision  recall  tn  tp
fold_0     0.738 0.887 0.833 0.775   1   1      0.833   0.833  16   5
fold_1     0.468 0.745 0.615 0.468   2   3      0.571   0.667  14   4
fold_2      0.62 0.804 0.727 0.647   2   1        0.8   0.667  16   4
fold_3     0.535 0.771 0.667 0.542   2   2      0.667   0.667  14   4
fold_4     0.636  0.75 0.667 0.649   3   0          1     0.5  16   3
median/sum  0.62 0.771 0.667 0.647  10   7        0.8   0.667  76  20

Ensemble summary: 
              AP   AUC    F1   MCC  fn  fp  precision  recall  tn  tp
fold_0     0.976  0.99 0.923 0.898   0   1      0.857       1  16   6
fold_1     0.906 0.951 0.833 0.775   1   1      0.833   0.833  16   5
fold_2     0.958  0.98 0.833 0.775   1   1      0.833   0.833  16   5
fold_3      0.91 0.927   0.8  0.77   2   0          1   0.667  16   4
fold_4     0.806 0.896 0.667 0.649   3   0          1     0.5  16   3
median/sum  0.91 0.951 0.833 0.775   7   3      0.857   0.833  80  23