Point summary: 
              AP   AUC    F1   MCC  fn  fp  precision  recall  tn  tp
fold_0     0.531 0.775 0.667 0.549   2   2      0.667   0.667  15   4
fold_1     0.738 0.887 0.833 0.775   1   1      0.833   0.833  16   5
fold_2     0.564 0.828 0.714 0.606   1   3      0.625   0.833  14   5
fold_3     0.511 0.719   0.6 0.505   3   1       0.75     0.5  15   3
fold_4         1     1     1     1   0   0          1       1  16   6
median/sum 0.564 0.828 0.714 0.606   7   7       0.75   0.833  76  23

Ensemble summary: 
              AP   AUC    F1   MCC  fn  fp  precision  recall  tn  tp
fold_0     0.948  0.98   0.8 0.772   2   0          1   0.667  17   4
fold_1         1     1     1     1   0   0          1       1  17   6
fold_2     0.948  0.98   0.8 0.772   2   0          1   0.667  17   4
fold_3     0.821 0.896   0.6 0.505   3   1       0.75     0.5  15   3
fold_4         1     1 0.923 0.896   0   1      0.857       1  15   6
median/sum 0.948  0.98   0.8 0.772   7   2          1   0.667  81  23