Point summary: 
              AP   AUC    F1   MCC  fn  fp  precision  recall  tn  tp
fold_0     0.505 0.721   0.6 0.511   3   1       0.75     0.5  16   3
fold_1     0.564 0.828 0.714 0.606   1   3      0.625   0.833  14   5
fold_2     0.505 0.721   0.6 0.511   3   1       0.75     0.5  16   3
fold_3     0.511 0.719   0.6 0.505   3   1       0.75     0.5  15   3
fold_4      0.75 0.938 0.857  0.81   0   2       0.75       1  14   6
median/sum 0.511 0.721   0.6 0.511  10   8       0.75     0.5  75  20

Ensemble summary: 
              AP   AUC    F1   MCC  fn  fp  precision  recall  tn  tp
fold_0     0.915 0.971   0.6 0.511   3   1       0.75     0.5  16   3
fold_1     0.915 0.971   0.6 0.511   3   1       0.75     0.5  16   3
fold_2         1     1 0.909 0.887   1   0          1   0.833  17   5
fold_3     0.843 0.917   0.6 0.505   3   1       0.75     0.5  15   3
fold_4     0.958 0.979 0.769 0.677   1   2      0.714   0.833  14   5
median/sum 0.915 0.971   0.6 0.511  11   5       0.75     0.5  78  19