Point summary: 
              AP   AUC    F1   MCC  fn  fp  precision  recall  tn  tp
fold_0     0.531 0.775 0.667 0.549   2   2      0.667   0.667  15   4
fold_1     0.738 0.887 0.833 0.775   1   1      0.833   0.833  16   5
fold_2         1     1     1     1   0   0          1       1  17   6
fold_3     0.641 0.854 0.769 0.677   1   2      0.714   0.833  14   5
fold_4     0.758 0.833   0.8  0.77   2   0          1   0.667  16   4
median/sum 0.738 0.854   0.8  0.77   6   5      0.833   0.833  78  24

Ensemble summary: 
              AP   AUC    F1   MCC  fn  fp  precision  recall  tn  tp
fold_0     0.931 0.971   0.8 0.772   2   0          1   0.667  17   4
fold_1     0.886 0.941 0.727 0.647   2   1        0.8   0.667  16   4
fold_2         1     1     1     1   0   0          1       1  17   6
fold_3     0.933 0.958 0.833 0.771   1   1      0.833   0.833  15   5
fold_4         1     1 0.667 0.649   3   0          1     0.5  16   3
median/sum 0.933 0.971   0.8 0.771   8   2          1   0.667  81  22