Point summary: 
              AP   AUC    F1   MCC  fn  fp  precision  recall  tn  tp
fold_0     0.754 0.833   0.8 0.772   2   0          1   0.667  17   4
fold_1         1     1     1     1   0   0          1       1  17   6
fold_2      0.62 0.804 0.727 0.647   2   1        0.8   0.667  16   4
fold_3     0.618 0.724 0.727 0.642   2   1        0.8   0.667  15   4
fold_4      0.74 0.885 0.833 0.771   1   1      0.833   0.833  15   5
median/sum  0.74 0.833   0.8 0.771   7   3      0.833   0.667  80  23

Ensemble summary: 
              AP   AUC    F1   MCC  fn  fp  precision  recall  tn  tp
fold_0     0.948  0.98   0.8 0.772   2   0          1   0.667  17   4
fold_1         1     1     0     0   6   0          0       0  17   0
fold_2     0.897 0.951 0.727 0.647   2   1        0.8   0.667  16   4
fold_3     0.944 0.969 0.833 0.771   1   1      0.833   0.833  15   5
fold_4     0.976  0.99 0.909 0.886   1   0          1   0.833  16   5
median/sum 0.948  0.98   0.8 0.771  12   2      0.833   0.667  81  18