Point summary: 
              AP   AUC    F1   MCC  fn  fp  precision  recall  tn  tp
fold_0      0.63  0.75 0.667 0.652   3   0          1     0.5  17   3
fold_1      0.75 0.941 0.857 0.813   0   2       0.75       1  15   6
fold_2     0.738 0.887 0.833 0.775   1   1      0.833   0.833  16   5
fold_3     0.566 0.823 0.714 0.598   1   3      0.625   0.833  13   5
fold_4     0.758 0.833   0.8  0.77   2   0          1   0.667  16   4
median/sum 0.738 0.833   0.8  0.77   7   6      0.833   0.833  77  23

Ensemble summary: 
              AP   AUC    F1   MCC  fn  fp  precision  recall  tn  tp
fold_0     0.931 0.971   0.8 0.772   2   0          1   0.667  17   4
fold_1     0.958  0.98 0.769 0.683   1   2      0.714   0.833  15   5
fold_2     0.976  0.99   0.8 0.772   2   0          1   0.667  17   4
fold_3         1     1 0.909 0.886   1   0          1   0.833  16   5
fold_4     0.976  0.99 0.909 0.886   1   0          1   0.833  16   5
median/sum 0.976  0.99   0.8 0.772   7   2          1   0.833  81  23