Point summary: 
              AP   AUC    F1   MCC  fn  fp  precision  recall  tn  tp
fold_0     0.507 0.667   0.5 0.519   4   0          1   0.333  17   2
fold_1     0.877 0.917 0.909 0.887   1   0          1   0.833  17   5
fold_2     0.639 0.858 0.769 0.683   1   2      0.714   0.833  15   5
fold_3      0.75 0.938 0.857  0.81   0   2       0.75       1  14   6
fold_4     0.758 0.833   0.8  0.77   2   0          1   0.667  16   4
median/sum  0.75 0.858   0.8  0.77   8   4          1   0.833  79  22

Ensemble summary: 
              AP   AUC    F1   MCC  fn  fp  precision  recall  tn  tp
fold_0     0.948  0.98 0.667 0.652   3   0          1     0.5  17   3
fold_1     0.958  0.98   0.8 0.772   2   0          1   0.667  17   4
fold_2     0.944 0.971 0.909 0.887   1   0          1   0.833  17   5
fold_3         1     1     1     1   0   0          1       1  16   6
fold_4     0.933 0.958   0.8  0.77   2   0          1   0.667  16   4
median/sum 0.948  0.98   0.8 0.772   8   0          1   0.667  83  22