Point summary: 
              AP   AUC    F1   MCC  fn  fp  precision  recall  tn  tp
fold_0     0.396 0.637 0.444 0.358   4   1      0.667   0.333  16   2
fold_1      0.38 0.662   0.5 0.324   3   3        0.5     0.5  14   3
fold_2     0.703 0.858 0.667 0.538   1   4      0.556   0.833  13   5
fold_3      0.74 0.885 0.833 0.771   1   1      0.833   0.833  15   5
fold_4     0.758 0.833   0.8  0.77   2   0          1   0.667  16   4
median/sum 0.703 0.833 0.667 0.538  11   9      0.667   0.667  74  19

Ensemble summary: 
              AP   AUC    F1   MCC  fn  fp  precision  recall  tn  tp
fold_0     0.849 0.931 0.667 0.652   3   0          1     0.5  17   3
fold_1     0.931 0.971 0.667 0.652   3   0          1     0.5  17   3
fold_2     0.931 0.971 0.727 0.647   2   1        0.8   0.667  16   4
fold_3     0.958 0.979 0.909 0.886   1   0          1   0.833  16   5
fold_4     0.976  0.99 0.909 0.886   1   0          1   0.833  16   5
median/sum 0.931 0.971 0.727 0.652  10   1          1   0.667  82  20