Point summary: 
              AP   AUC    F1   MCC  fn  fp  precision  recall  tn  tp
fold_0     0.738 0.887 0.833 0.775   1   1      0.833   0.833  16   5
fold_1     0.507 0.667   0.5 0.519   4   0          1   0.333  17   2
fold_2     0.564 0.828 0.714 0.606   1   3      0.625   0.833  14   5
fold_3      0.74 0.885 0.833 0.771   1   1      0.833   0.833  15   5
fold_4     0.857 0.969 0.923 0.896   0   1      0.857       1  15   6
median/sum 0.738 0.885 0.833 0.771   7   6      0.833   0.833  77  23

Ensemble summary: 
              AP   AUC    F1   MCC  fn  fp  precision  recall  tn  tp
fold_0     0.976  0.99 0.909 0.887   1   0          1   0.833  17   5
fold_1     0.855 0.941 0.667 0.652   3   0          1     0.5  17   3
fold_2     0.944 0.971 0.769 0.683   1   2      0.714   0.833  15   5
fold_3     0.976  0.99 0.909 0.886   1   0          1   0.833  16   5
fold_4     0.958 0.979 0.833 0.771   1   1      0.833   0.833  15   5
median/sum 0.958 0.979 0.833 0.771   7   3          1   0.833  80  23